insert into accumulate_logtable values('2020-06-02',28922,11541,272,876,147,6884,232,32,46,52,47,867,57,60,146,21,20,1379,123,15);
insert into accumulate_logtable values('2020-06-01',24058,11503,271,862,147,6884,224,32,46,52,47,852,57,60,146,21,20,1379,123,15);
insert into accumulate_logtable values('2020-05-31',23294,11468,270,861,147,6883,206,32,46,52,7,840,57,60,146,21,19,1379,123,15);
insert into accumulate_logtable values('2020-05-30',26298,11441,269,855,146,6882,203,32,45,50,47,828,57,60,146,21,19,1379,123,14);
insert into accumulate_logtable values('2020-05-29',24557,11402,269,846,145,6880,198,30,45,50,47,815,56,60,146,21,18,1379,123,14);
insert into accumulate_logtable values('2020-05-28',22370,11344,269,826,145,6880,180,30,45,50,47,795,56,60,146,21,18,1379,123,14);
insert into accumulate_logtable values('2020-05-27',21061,11265,269,802,144,6878,158,30,45,50,47,774,56,60,145,21,18,1378,123,14);
insert into accumulate_logtable values('2020-05-26',22044,11225,269,783,144,6875,147,30,45,50,47,768,56,60,145,21,18,1378,123,14);
insert into accumulate_logtable values('2020-05-25',19089,11206,267,774,144,6874,144,30,45,50,47,766,56,59,145,21,18,1377,123,14);
insert into accumulate_logtable values('2020-05-24',20333,11190,266,768,144,6873,143,30,45,50,47,760,56,59,145,21,18,1376,123,14);
insert into accumulate_logtable values('2020-05-23',21569,11165,266,762,144,6873,141,30,45,50,47,754,55,59,145,21,18,1370,123,14);
insert into accumulate_logtable values('2020-05-22',20286,11142,264,758,144,6872,141,30,44,50,47,741,55,59,145,21,18,1370,122,14);
insert into accumulate_logtable values('2020-05-21',18089,11122,264,756,144,6872,140,30,44,49,47,735,55,59,145,21,18,1368,121,14);
insert into accumulate_logtable values('2020-05-20',16351,11110,263,752,144,6872,134,30,44,49,47,735,55,59,144,21,18,1368,121,14);
insert into accumulate_logtable values('2020-05-19',16925,11078,263,742,144,6871,126,30,44,49,47,725,55,59,144,20,18,1368,121,14);
insert into accumulate_logtable values('2020-05-18',16093,11065,263,736,144,3871,124,30,44,45,47,724,55,59,144,20,18,1368,121,14);
insert into accumulate_logtable values('2020-05-17',17660,11050,262,735,144,6870,124,30,44,45,47,721,55,56,144,20,18,1368,121,14);
insert into accumulate_logtable values('2020-05-16',18343,11037,262,730,144,6869,124,30,43,45,47,721,55,56,144,20,18,1368,119,14);
insert into accumulate_logtable values('2020-05-15',19875,11018,260,725,144,6868,124,30,43,45,47,717,55,55,144,20,18,1368,119,14);
insert into accumulate_logtable values('2020-05-14',20722,10991,260,711,144,6865,119,30,43,45,47,714,55,55,144,20,17,1368,119,14);
insert into accumulate_logtable values('2020-05-13',19579,10962,259,707,144,6865,107,30,43,45,47,708,54,52,143,20,16,1367,119,14);
insert into accumulate_logtable values('2020-05-12',16330,10936,258,695,141,6862,105,30,43,44,47,706,54,52,143,19,16,1367,118,14);
insert into accumulate_logtable values('2020-05-11',10922,10909,256,683,141,6861,104,30,41,44,47,698,54,52,143,19,16,1366,117,14);
insert into accumulate_logtable values('2020-05-10',10128,10874,256,663,141,6861,101,30,41,44,46,694,53,49,143,19,16,1366,117,14);
insert into accumulate_logtable values('2020-05-09',9153,10840,256,649,141,6859,98,30,41,44,46,688,53,47,143,19,16,1366,117,13);
insert into accumulate_logtable values('2020-05-08',8867,10822,256,637,140,6859,97,30,41,44,46,684,53,47,143,19,16,1366,117,13);
insert into accumulate_logtable values('2020-05-07',8429,10810,256,637,138,6856,97,30,41,44,46,682,53,46,143,18,16,1366,117,13);
insert into accumulate_logtable values('2020-05-06',8009,10806,255,637,138,6856,97,30,40,44,46,681,53,45,143,18,16,1366,117,13);
insert into accumulate_logtable values('2020-05-05',8858,10804,254,637,138,6856,97,30,40,44,46,681,53,45,143,18,16,1366,117,13);
insert into accumulate_logtable values('2020-05-04',8176,10801,252,637,138,6856,96,30,40,44,46,681,53,45,143,18,16,1366,117,13);
insert into accumulate_logtable values('2020-05-03',8588,10793,250,637,138,6856,95,30,40,43,46,680,53,45,143,18,15,1366,117,13);
insert into accumulate_logtable values('2020-05-02',8496,10780,250,635,138,6852,95,30,40,43,46,678,53,45,143,18,15,1366,117,13);
insert into accumulate_logtable values('2020-05-01',8685,10774,248,634,137,6852,94,30,40,43,46,678,53,45,143,18,15,1366,117,13);
insert into accumulate_logtable values('2020-04-30',8634,10765,247,633,137,6852,93,30,40,43,46,676,53,45,143,18,15,1365,117,13);
insert into accumulate_logtable values('2020-04-29',8307,10761,246,633,137,6852,93,30,40,43,46,676,53,45,143,18,15,1365,117,13);
insert into accumulate_logtable values('2020-04-28',9203,10752,244,633,137,6849,93,30,40,43,46,674,53,45,142,18,152,1365,117,13);
insert into accumulate_logtable values('2020-04-27',8895,10738,243,629,137,6847,92,30,40,43,46,671,53,45,142,18,15,1364,117,13);
insert into accumulate_logtable values('2020-04-26',8999,10728,242,629,137,6846,92,30,40,43,46,668,53,45,141,18,15,1364,117,13);
insert into accumulate_logtable values('2020-04-25',9259,10718,240,629,136,6845,92,30,40,43,46,662,53,45,141,17,15,1364,117,13);
insert into accumulate_logtable values('2020-04-24',9600,10708,240,628,136,6842,92,30,40,43,46,660,53,45,141,17,15,1364,117,13);
insert into accumulate_logtable values('2020-04-23',10139,10702,240,628,135,6840,92,30,40,43,46,659,53,45,141,17,15,1363,117,13);
insert into accumulate_logtable values('2020-04-22',12121,10694,238,628,134,6836,92,30,40,43,46,658,53,45,141,17,15,1363,117,13);
insert into accumulate_logtable values('2020-04-21',12721,10683,237,626,132,6835,92,30,39,43,46,658,53,45,141,17,15,1361,116,13);
insert into accumulate_logtable values('2020-04-20',11981,10674,236,624,132,6833,92,30,39,43,46,656,53,45,141,17,15,1361,116,13);
insert into accumulate_logtable values('2020-04-19',12243,10661,234,624,130,6832,91,30,39,42,46,654,53,45,141,17,15,1359,116,13);
insert into accumulate_logtable values('2020-04-18',13550,10653,232,622,130,6830,90,30,39,42,46,654,53,45,141,17,15,1358,116,13);
insert into accumulate_logtable values('2020-04-17',14186,10635,230,621,130,6827,89,30,39,42,46,650,52,45,139,17,15,1356,115,13);
insert into accumulate_logtable values('2020-04-16',14268,10613,229,619,130,6827,88,28,39,42,46,649,52,45,139,17,15,1352,115,13);
insert into accumulate_logtable values('2020-04-15',15026,10591,225,617,127,6823,88,28,39,42,46,645,51,45,139,17,15,1348,115,13);
insert into accumulate_logtable values('2020-04-14',14651,10564,222,612,126,6822,88,27,39,42,46,639,49,45,139,17,15,1342,115,12);
insert into accumulate_logtable values('2020-04-13',13391,10537,217,610,126,6819,87,27,39,41,46,631,49,45,139,17,15,1337,115,12);
insert into accumulate_logtable values('2020-04-12',13788,10512,214,602,126,6816,86,27,39,41,46,628,49,45,139,17,15,1333,115,12);
insert into accumulate_logtable values('2020-04-11',14070,10480,211,599,126,6814,85,27,39,41,46,624,49,45,138,17,15,1330,115,12);
insert into accumulate_logtable values('2020-04-10',15298,10450,208,595,126,6807,85,27,39,40,46,615,49,45,138,17,15,1327,115,12);
insert into accumulate_logtable values('2020-04-09',15509,10423,204,590,125,6807,84,27,39,40,46,606,49,45,138,17,15,1320,115,12);
insert into accumulate_logtable values('2020-04-08',17858,10384,200,578,125,6803,84,27,39,40,46,596,49,45,137,17,15,1320,113,12);
insert into accumulate_logtable values('2020-04-07',20650,10331,192,567,123,6794,80,27,39,40,46,590,47,45,137,16,15,1317,112,12);
insert into accumulate_logtable values('2020-04-06',19295,10284,186,563,122,6781,80,27,39,40,46,580,45,45,136,16,15,1316,111,12);
insert into accumulate_logtable values('2020-04-05',19571,10237,183,552,122,6768,79,27,37,40,46,572,45,45,135,16,15,1314,109,12);
insert into accumulate_logtable values('2020-04-04',20144,10156,177,528,122,6761,77,26,36,40,46,562,42,45,135,15,15,1310,108,9);
insert into accumulate_logtable values('2020-04-03',18908,10062,174,506,122,6734,74,26,36,40,46,539,41,45,134,15,15,1309,107,9);
insert into accumulate_logtable values('2020-04-02',17885,9976,169,488,122,6725,73,25,36,40,46,516,39,44,133,14,14,1304,106,9);
insert into accumulate_logtable values('2020-04-01',16585,9887,165,474,122,6704,69,24,36,39,46,499,38,44,131,14,12,1302,100,9);
insert into accumulate_logtable values('2020-03-31',16892,9786,162,450,119,6684,64,20,36,39,46,476,36,44,128,13,9,1300,96,9);
insert into accumulate_logtable values('2020-03-30',13531,9661,158,426,118,6624,58,20,34,39,46,463,36,44,127,13,9,1298,95,9);
insert into accumulate_logtable values('2020-03-29',15028,9583,152,410,117,6610,58,20,34,39,46,448,34,41,127,12,9,1287,94,8);
insert into accumulate_logtable values('2020-03-28',16564,9478,144,390,114,6587,51,20,31,39,44,433,32,41,126,10,8,1285,91,8);
insert into accumulate_logtable values('2020-03-27',15219,9332,139,372,113,6516,46,20,31,39,44,412,31,41,124,10,8,1283,91,7);
insert into accumulate_logtable values('2020-03-26',14369,9241,131,360,112,6482,43,19,30,37,44,401,31,39,124,10,8,1274,90,6);
insert into accumulate_logtable values('2020-03-25',14278,9137,126,347,112,6456,42,19,24,37,44,387,31,38,123,10,8,1262,90,6);
insert into accumulate_logtable values('2020-03-24',15440,9037,120,334,111,6442,41,19,24,36,42,366,30,38,120,10,6,1257,90,4);
insert into accumulate_logtable values('2020-03-23',13628,8961,111,330,109,6411,40,19,24,36,42,351,30,37,120,10,6,1256,89,4);
insert into accumulate_logtable values('2020-03-22',14540,8897,104,324,108,6387,40,19,24,36,41,337,30,35,120,10,6,1254,88,4);
insert into accumulate_logtable values('2020-03-21',15704,8799,102,314,108,6344,40,18,22,36,41,321,30,34,119,10,5,1243,87,4);
insert into accumulate_logtable values('2020-03-20',15525,8652,94,299,108,6275,36,18,22,36,41,309,30,33,119,10,5,1203,87,4);
insert into accumulate_logtable values('2020-03-19',15904,8565,91,282,107,6241,32,17,22,36,41,295,30,33,118,10,5,1190,86,4);
insert into accumulate_logtable values('2020-03-18',16346,8413,84,270,107,6144,32,17,22,30,41,277,30,32,118,9,5,1178,86,4);
insert into accumulate_logtable values('2020-03-17',17291,8320,81,265,107,6098,31,16,22,28,40,262,29,31,115,7,4,1169,86,4);
insert into accumulate_logtable values('2020-03-16',14971,8236,75,253,107,6066,30,16,22,28,40,231,29,31,115,7,4,1164,85,4);
insert into accumulate_logtable values('2020-03-15',16272,8162,75,247,106,6031,30,16,22,28,39,211,29,31,115,7,4,1157,85,4);
insert into accumulate_logtable values('2020-03-14',17634,8086,72,238,103,5990,28,15,22,27,38,200,29,28,115,7,4,1153,84,4);
insert into accumulate_logtable values('2020-03-13',17940,7979,67,225,100,5928,27,15,22,27,32,185,29,27,115,7,4,1147,85,4);
insert into accumulate_logtable values('2020-03-12',17727,7869,66,212,99,5867,25,15,20,25,15,178,29,27,114,7,4,1143,85,4);
insert into accumulate_logtable values('2020-03-11',18540,7755,60,193,98,5794,25,15,18,25,10,175,29,27,112,7,4,1135,84,4);
insert into accumulate_logtable values('2020-03-10',18452,7513,54,141,96,5663,13,15,18,24,8,163,28,25,104,7,4,1117,83,4);
insert into accumulate_logtable values('2020-03-09',17458,7165,51,130,96,5571,9,15,19,24,6,152,28,25,102,7,4,1107,83,4);
insert into accumulate_logtable values('2020-03-08',19396,7134,50,120,97,5381,9,13,18,24,3,141,27,24,98,7,4,1081,83,4);
insert into accumulate_logtable values('2020-03-07',19620,6767,44,108,96,5084,9,13,18,23,2,130,26,20,92,7,4,1049,82,4);
insert into accumulate_logtable values('2020-03-06',21832,6284,42,105,95,4694,9,13,18,23,1,120,25,15,90,7,4,984,77,4);
insert into accumulate_logtable values('2020-03-05',21810,5643,35,103,92,4327,9,14,16,23,1,110,23,12,86,7,4,861,74,4);
insert into accumulate_logtable values('2020-03-04',28414,5255,32,99,93,4006,9,13,15,23,1,101,21,11,82,7,5,774,65,3);
insert into accumulate_logtable values('2020-03-03',35555,4750,28,98,90,3601,7,11,14,20,1,94,20,11,81,7,5,685,64,3);
insert into accumulate_logtable values('2020-03-02',33799,4159,22,91,88,3081,7,9,14,20,1,92,19,11,78,6,5,624,64,2);
insert into accumulate_logtable values('2020-03-01',32422,3479,17,82,81,2569,6,9,13,17,1,84,7,11,60,5,3,514,62,2);
insert into accumulate_logtable values('2020-02-29',29154,2888,16,74,77,2055,6,9,14,17,1,76,7,10,48,5,2,469,59,2);
insert into accumulate_logtable values('2020-02-28',24751,1983,13,62,63,1314,4,9,13,11,1,66,6,9,16,5,1,394,46,2);
insert into accumulate_logtable values('2020-02-27',21097,1559,12,55,58,1017,3,9,8,6,1,55,6,7,7,3,1,321,36,2);
insert into accumulate_logtable values('2020-02-26',16734,1113,11,45,50,677,3,9,3,3,1,43,6,5,2,3,1,268,25,2);
insert into accumulate_logtable values('2020-02-25',13273,863,8,36,38,499,2,9,3,2,1,40,6,3,1,3,2,225,21,2);
insert into accumulate_logtable values('2020-02-24',8725,738,7,30,17,443,2,9,3,1,1,35,6,3,1,3,1,186,20,2);
